0.03141592 -0.09991701367809949 3.8303613048156095
0.09424776 -0.09992710303428935 3.527739904645461
0.1570796 -0.09993634917239085 3.2622377952038035
0.21991144000000004 -0.09994225479992427 3.0284850503866254
0.28274328 -0.09995052492940584 2.8219263630971523
0.34557512 -0.09996708318267303 2.6385864983385643
0.40840696000000004 -0.10001875787895584 2.4752468369274334
0.4712388 -0.10002342439384435 2.329093286837984
0.53407064 -0.10001028106911565 2.1977552591050933
0.59690248 -0.09999198474027345 2.079308105687277
0.65973432 -0.10000910941561436 1.9720182232553545
0.7225661600000001 -0.1000523863011245 1.874385442507267
0.785398 -0.10003958974227481 1.7853057083470467
0.8482298400000001 -0.10000191944522721 1.7038202925762498
0.91106168 -0.0999878108138205 1.628900494280098
0.9738935200000001 -0.09995753077842318 1.5597928127694647
1.0367253600000002 -0.09998205455398107 1.4959241644534047
1.0995572000000002 -0.10001180425370101 1.436724735345246
1.16238904 -0.09998163887779443 1.381757950198531
1.2252208800000002 -0.09996247016341167 1.3305457156461395
1.2880527200000003 -0.09995776914817625 1.2827171912832271
1.3508845600000001 -0.09994383508013624 1.2379907786479922
1.4137164000000002 -0.09994384135945081 1.1960948872126322
1.47654824 -0.09998209180129074 1.156763112462377
1.5393800800000002 -0.09998543626558783 1.119772598427547
1.60221192 -0.10000278964372326 1.0848629660441191
1.66504376 -0.09999752316909424 1.0519368569524867
1.7278756000000002 -0.10000644561682885 1.0208575121477292
1.7907074400000003 -0.0999462128626337 0.9914178941122547
1.85353928 -0.09999846093485651 0.9634793009926558
1.91637112 -0.1000106576691546 0.937060813466444
1.97920296 -0.09996198148821284 0.9119040753909264
2.0420348 -0.09989655962327468 0.8879669705865837
2.1048666400000005 -0.09993959368661398 0.8651671799237196
2.1676984800000003 -0.09994440628051215 0.8434686590372605
2.23053032 -0.09992678742555572 0.8227553747612528
2.29336216 -0.09997424503829198 0.8030165249407769
2.3561940000000003 -0.09995563689557686 0.7840925839013286
2.41902584 -0.09996722563832003 0.7660014277533117
2.48185768 -0.09991611250389945 0.7487200186983295
2.5446895200000004 -0.09994044029711682 0.732168371452353
2.6075213600000002 -0.09994186584883154 0.7161845248354477
2.6703532 -0.09995283439729125 0.7008953926384937
2.73318504 -0.09996662073188499 0.6862557950309649
2.7960168800000003 -0.09993310457186487 0.6721728799139174
2.85884872 -0.09996873715298346 0.6586256550513927
2.9216805600000004 -0.09996755647775894 0.6455355034934752
2.9845124000000003 -0.09995655665733842 0.6329522516519388
3.04734424 -0.0999810782138179 0.6208386759210611
3.11017608 -0.09997033000158204 0.6091442150131898
3.1730079200000003 -0.09995209710032536 0.597872959874412
3.23583976 -0.09993862034561339 0.5869239458359894
3.2986716000000005 -0.10000215676860111 0.5763954550652356
3.3615034400000003 -0.09998748320629018 0.5662214389201099
3.4243352800000006 -0.09998189455476139 0.5562545262093825
3.4871671200000005 -0.09993370763162691 0.5467420444181263
3.5499989600000004 -0.09996956845493647 0.5375062672099686
3.6128308000000007 -0.09994508103312989 0.5285710835555921
3.67566264 -0.09996336126148711 0.5198974882451046
3.73849448 -0.09995635868893916 0.5115230646815032
3.8013263200000003 -0.09999727363361352 0.5033668632865866
3.86415816 -0.10002699838233416 0.4954437227270213
3.92699 -0.1000118896839068 0.48780104918126393
3.9898218400000003 -0.09999715879990431 0.4802930420079954
4.052653680000001 -0.10003627964127085 0.4730259621009935
4.11548552 -0.09999811159269067 0.46603294185586047
4.17831736 -0.09997975531225349 0.45919119255014723
4.241149200000001 -0.09997039306570567 0.45246343658814114
4.303981040000001 -0.100036141309028 0.4459386051106251
4.36681288 -0.10004420405182377 0.4396400803418598
4.42964472 -0.10005236908702994 0.43353634739681207
4.49247656 -0.10004002763028905 0.4275182277649396
4.5553084 -0.10003604154963237 0.42163723135688896
4.61814024 -0.09999932597432876 0.41594448227784014
4.68097208 -0.09996974576162872 0.4103774008988131
4.74380392 -0.0999952965095345 0.40497773642394835
4.806635760000001 -0.1000664828504572 0.3997096030498571
4.8694676 -0.1000054920870189 0.3944927039461799
4.93229944 -0.10004328866498939 0.3894652864041918
4.995131280000001 -0.10002349456514639 0.3844891066312155
5.05796312 -0.1000123067476452 0.37972616997230413
5.1207949600000005 -0.09998306872532763 0.3750162031743958
5.183626800000001 -0.10000340300609903 0.3704727076095103
5.24645864 -0.09998720620985141 0.36606146278962826
5.3092904800000005 -0.10004149910599529 0.36158392599238204
5.37212232 -0.10006364224640325 0.35725846461241045
5.43495416 -0.1000412357477856 0.353005673928945
5.4977860000000005 -0.1000222093387529 0.34890080680790786
5.56061784 -0.09997035127725493 0.3449009494289183
5.62344968 -0.09996823213042065 0.34091079898653087
5.6862815200000005 -0.10000633034649134 0.33714976236094685
5.749113360000001 -0.09998722269657555 0.33334471046799274
5.8119452 -0.09997015978295873 0.32960701619499577
5.874777040000001 -0.10000116804811168 0.3259979752786535
5.937608880000001 -0.10000951437413383 0.3224449593918466
6.000440720000001 -0.09999243477315131 0.31892132248675126
6.06327256 -0.10001063900280846 0.3155027669834287
6.1261044 -0.09998931495350888 0.3121739486060299
6.18893624 -0.10002968689261042 0.30880322188856585
6.251768080000001 -0.10001159475422852 0.30556151556973465
6.314599920000001 -0.10000595826689436 0.3023582514648212
6.377431760000001 -0.10007718459421207 0.29922854987572267
6.4402636 -0.10008271874864852 0.29613827149230265
6.50309544 -0.10008148902571028 0.29311091740194833
6.5659272799999995 -0.10005462667129891 0.2901293799989978
6.62875912 -0.10006185357508109 0.28722046948223595
6.69159096 -0.10006400393293055 0.28442535347969505
6.7544228 -0.10001645162396786 0.28162787724158295
6.81725464 -0.10001062969393401 0.2788744022311184
6.88008648 -0.10003020221299848 0.27615762338269934
6.94291832 -0.1000145480494187 0.2735110205533964
7.005750160000001 -0.10001100660317978 0.27090566691259843
7.068582 -0.10002987738682871 0.2683349431049195
7.1314138400000004 -0.10004106315999646 0.2657508771435366
7.194245680000001 -0.1000358777309659 0.26332938778510895
7.25707752 -0.10003068102648438 0.2608892834373889
7.3199093600000005 -0.09998381617308552 0.2584519116483353
7.382741200000001 -0.0999806454965638 0.25607561058226125
7.445573040000001 -0.09996647621766923 0.2537367176969315
7.5084048800000005 -0.09995790699317515 0.25143894680049544
7.571236720000001 -0.09993609688449392 0.2491850021760733
7.634068560000001 -0.09997092649549527 0.24698825245336442
7.6969004000000005 -0.10000449077069781 0.24473174820078097
7.759732240000001 -0.1000082576478352 0.24259823299544844
7.822564080000001 -0.1000415085322369 0.24046364336816115
7.8853959200000014 -0.10001294282454606 0.238370755707055
7.948227760000001 -0.09999001765058832 0.23629611121400568
8.011059600000001 -0.09995326781544119 0.23425960544189386
8.07389144 -0.09997841766451718 0.23224597159949906
8.13672328 -0.09994466518100839 0.23026707953579093
8.19955512 -0.09997505120262073 0.22834251935088226
8.26238696 -0.10003517003288923 0.22633962605828942
8.3252188 -0.10005470322910179 0.2243996537858723
8.38805064 -0.1000375594361163 0.2225679826063281
8.45088248 -0.0999804009318683 0.2207835049446883
8.51371432 -0.10001764781091091 0.218999393121143
8.576546160000001 -0.10001602434275139 0.2172238204692311
8.639378 -0.10001857175156284 0.21544990455318347
8.70220984 -0.10000846015989055 0.2137264313028669
8.765041680000001 -0.09999625158965819 0.21199300514554786
8.82787352 -0.09999211980523333 0.21028051044085821
8.89070536 -0.09997223619322151 0.20855797363588233
8.953537200000001 -0.100001305880562 0.20687003164490864
9.01636904 -0.0999813571889411 0.20526460805170652
9.07920088 -0.10002139396171635 0.2036589837384672
9.142032720000001 -0.10006177807363922 0.20204164290415944
9.20486456 -0.10004407632458441 0.20052976995762428
9.2676964 -0.10006327025583284 0.19896101888229706
9.330528240000001 -0.10004446354626198 0.19742216698025192
9.39336008 -0.0999773114902863 0.1958702754312449
9.456191920000002 -0.09995630667215147 0.19440005554947462
9.519023760000001 -0.10000431201636029 0.19293139267777176
9.5818556 -0.09993546013612983 0.19145399142003533
9.644687440000002 -0.09995427508895505 0.19001465562378125
9.70751928 -0.09996252150109364 0.18857882908523485
9.77035112 -0.09994309499054745 0.18714196577862965
9.83318296 -0.09992186135383099 0.1857554265281728
9.8960148 -0.09999087840093288 0.18439586834239355
9.95884664 -0.09999012859256128 0.1830602534157916
10.02167848 -0.09996916621279181 0.18167862654553532
10.08451032 -0.09995191867604994 0.18035204932983517
10.14734216 -0.09993154198874332 0.17898394115170063
10.210174 -0.09994703646887806 0.17770408453566194
10.27300584 -0.09997599416422193 0.1763754732461801
10.335837680000001 -0.09994051173387444 0.1750910650134349
10.39866952 -0.09990124014209215 0.17381780995191637
10.461501360000002 -0.0998746141398352 0.17253306962456721
10.524333200000001 -0.09985019034926915 0.17129783831491233
10.58716504 -0.09989451845845465 0.17006133740876453
10.649996880000002 -0.09990704819076243 0.16887913189183265
10.712828720000001 -0.09989144799956763 0.1677001475641447
10.77566056 -0.09990604500937691 0.16647221730192446
10.838492400000002 -0.0999361050675556 0.16529397621009076
10.901324240000001 -0.09996263516424231 0.16415230618809645
10.96415608 -0.10000752173752299 0.16300689152182382
11.026987920000002 -0.09999619927965704 0.1619133517409807
11.089819760000001 -0.09999837495913477 0.1608092671082062
11.152651600000002 -0.09998112163003643 0.15967620700183582
11.215483440000002 -0.09998203707873207 0.15860594967165795
11.27831528 -0.09993623915974595 0.15748485835851594
11.34114712 -0.09991172312291932 0.15638865330708515
11.40397896 -0.09994014920837126 0.15530017988047956
11.466810800000001 -0.09989491831858875 0.15423460661187544
11.52964264 -0.09990771097012886 0.153210565741632
11.59247448 -0.09989850593888805 0.15215216727111008
11.655306320000001 -0.09991193236351065 0.15114473292824632
11.71813816 -0.09991733081162867 0.15008561751453603
11.78097 -0.09990045449502037 0.1490781345389741
11.843801840000001 -0.09992289440347105 0.14803754963780946
11.90663368 -0.09999142906952452 0.1470089542668367
11.96946552 -0.1000033358592208 0.1460547716316845
12.032297360000001 -0.10005186591727555 0.14506016080427814
12.0951292 -0.10000265118819932 0.14415452370483023
12.157961040000002 -0.09994434921034287 0.14317715892331825
12.220792880000001 -0.09993932093192845 0.1421848391263257
12.28362472 -0.09995709512176985 0.14130808375629494
12.346456560000002 -0.10000654018161388 0.140317127796367
12.409288400000001 -0.09999830061181039 0.1394363322275643
12.47212024 -0.1000013076361154 0.13852341526723996
12.534952080000002 -0.0999912062399032 0.137618604422277
12.59778392 -0.10002868746840636 0.13673523544597985
12.66061576 -0.10000675080609131 0.13583048832629863
12.7234476 -0.10001439836547721 0.13497800592655296
12.786279440000001 -0.09998961778720404 0.1340831133797008
12.84911128 -0.09996975426777652 0.133208174471995
12.911943120000002 -0.0999681183066544 0.13231884401072447
12.97477496 -0.09999744786227314 0.1314817959490031
13.037606800000002 -0.09997619856500857 0.13058440252829326
13.10043864 -0.09995158014902067 0.12973403208902512
13.163270480000001 -0.0999729863923631 0.12891643343818845
13.22610232 -0.0999837107150149 0.12812674548893016
13.288934160000002 -0.0999932583707964 0.1272619323118775
13.351766000000001 -0.09995366580871029 0.1264547078024198
13.414597840000003 -0.09993760435758955 0.12562730464999206
13.47742968 -0.09995664527171008 0.1247971832047146
13.540261520000001 -0.09992460278333336 0.1239865118333386
13.60309336 -0.0999347300534704 0.12322455195458208
13.665925200000002 -0.10000915849038694 0.1224952552352723
13.728757040000001 -0.10002381127919815 0.12173621085961198
13.791588879999999 -0.10002190166148286 0.12093266269409184
13.854420720000002 -0.10000337360268244 0.1201663177928232
13.91725256 -0.09997329196140654 0.11936881510104169
13.9800844 -0.10000762779148262 0.11860051414792908
14.04291624 -0.09997251692303105 0.11783681308165314
14.105748080000001 -0.09995759745027558 0.1171099235467358
14.16857992 -0.09994985695421384 0.11638856408558933
14.231411760000002 -0.09997805243407733 0.11566647417370501
14.2942436 -0.09995407799715833 0.11487319466616527
14.357075440000001 -0.09995685044855625 0.1141936508882023
14.41990728 -0.0999567264809026 0.11344640673768065
14.482739120000002 -0.09996019048257145 0.11275152511674405
14.545570960000001 -0.09994966838233435 0.11202563020586047
14.608402800000002 -0.09994092746503722 0.11132292088113702
14.67123464 -0.09997105841217188 0.11062393891588722
14.734066480000003 -0.09997470149368727 0.1099380033105876
14.79689832 -0.10001547064835588 0.1091761038384019
14.859730160000002 -0.1000199429142052 0.10847187672811506
14.922562000000001 -0.10002410429452416 0.10777755583480746
14.985393840000002 -0.10005202477079471 0.10715172180030683
15.048225680000002 -0.10006145627711416 0.10650179951994995
15.111057520000003 -0.10006718163077526 0.1058352109319594
15.17388936 -0.09998318400196984 0.10515713636463841
15.236721200000002 -0.09997545504436771 0.1045092738721967
15.299553040000001 -0.10000060686043559 0.10385307200608385
15.36238488 -0.09999062581468562 0.10325318090143347
15.425216720000002 -0.09999421658179138 0.10260623546718148
15.48804856 -0.0999914337952588 0.10190608807044077
15.5508804 -0.10000634453871078 0.10128743615029498
15.61371224 -0.09999961355067125 0.10065156191467399
15.676544080000001 -0.10002602500617672 0.1000514595519989
15.73937592 -0.10000602888215018 0.09940959140752381
15.802207760000002 -0.10000145221543515 0.09879015984583402
15.865039600000001 -0.09998483313939849 0.09822141049203018
15.927871440000002 -0.09998463815404243 0.09761648601056541
15.99070328 -0.09997539547311066 0.09709138904482525
16.053535120000003 -0.09996313983245093 0.09648073705593471
16.11636696 -0.09993421292182522 0.09586331536277062
16.1791988 -0.09998462013979334 0.09521699533798003
16.24203064 -0.09997236178011171 0.09458917044477402
16.30486248 -0.10004206558142499 0.09396337277754685
16.367694320000002 -0.10001664066813847 0.09337549143465715
16.430526160000003 -0.10002548476089974 0.0927963492626126
16.493358 -0.10001405737264339 0.09217032904623872
16.556189840000002 -0.09999473450234465 0.0915906127573302
16.61902168 -0.09998835905037462 0.09100258501003941
16.68185352 -0.09994641869571513 0.090489534295543
16.744685360000002 -0.09993459675453761 0.08993328773251755
16.807517200000003 -0.09993190238497503 0.08941059666343769
16.87034904 -0.0999432327875126 0.08884856579331288
16.93318088 -0.09991938988593466 0.08828082176096988
16.996012720000003 -0.0999169199278049 0.08773513942657192
17.05884456 -0.09996949024249671 0.08715674756012445
17.121676400000002 -0.09992263840033107 0.08657386261128443
17.18450824 -0.0999159025994355 0.0860119282558582
17.24734008 -0.09984888024377869 0.08546746561820527
17.310171920000002 -0.09988963450699632 0.08494370742309451
17.373003760000003 -0.09991586404284052 0.08438806739341623
17.4358356 -0.09995946217496968 0.08385238738897169
17.498667440000002 -0.10001327940151176 0.08333021023268872
17.56149928 -0.10000764087159916 0.08280064347624747
17.62433112 -0.0999783299184134 0.08228008838395581
17.687162960000002 -0.09998318432173275 0.08173756541564212
17.749994800000003 -0.09995959010812805 0.08120027349001097
17.81282664 -0.09997945855292008 0.08066323618218381
17.875658480000002 -0.09999523466424651 0.0801306284419226
17.93849032 -0.09998097339098168 0.0796302759231621
18.00132216 -0.09998205947386077 0.07917587362340173
18.064154000000002 -0.10001570420824564 0.07864702904542102
18.126985840000003 -0.0999757194427894 0.07818619204351944
18.18981768 -0.09999985782649143 0.07768181808135308
18.252649520000002 -0.09997178494190281 0.07720697013233918
18.31548136 -0.0999566810962936 0.07668431719636046
18.3783132 -0.09996898475771374 0.07621844029530159
18.441145040000002 -0.09994642528165118 0.07575270020163824
18.50397688 -0.0999511908035576 0.07524569879238523
18.56680872 -0.09996513959116138 0.07478597206880973
18.62964056 -0.09996827644915546 0.07437752523971328
18.6924724 -0.10000616697443436 0.07389637876887407
18.75530424 -0.09997366714335887 0.07345058024502556
18.818136080000002 -0.09995114782235784 0.0728870415618413
18.88096792 -0.09997967738943439 0.07237103022287039
18.94379976 -0.10002308781891615 0.07187120832680452
19.006631600000002 -0.10003510241889917 0.07140794570686564
19.069463440000003 -0.10002017789954798 0.07092932862778178
19.13229528 -0.10001544477213924 0.07043692137442821
19.195127120000002 -0.09999037847204187 0.06996439264969494
19.25795896 -0.0999798115229812 0.0694815345224841
19.3207908 -0.09995315471576918 0.06905541391242806
19.383622640000002 -0.09997623976847252 0.06856841411510683
19.446454480000003 -0.09995470335967896 0.068116394085319
19.50928632 -0.09993529901031428 0.06762008337868389
19.572118160000002 -0.09994586969929112 0.06716361038694063
19.63495 -0.09997439674224279 0.06671898919320682
19.69778184 -0.09995437074172017 0.06632436768705821
19.760613680000002 -0.10000807481456139 0.06588609203423894
19.823445520000003 -0.09997906124721417 0.06541703837758286
19.88627736 -0.09996924435717261 0.0649382601557746
19.949109200000002 -0.09998296985299956 0.06449085618952102
20.01194104 -0.09997823920928506 0.06411229229578785
20.07477288 -0.10002981007108494 0.063688952060118
20.137604720000002 -0.10000603847899796 0.06322716865651645
20.20043656 -0.10001106730618547 0.06273536408229644
20.2632684 -0.10000755600268933 0.06226971433260011
20.32610024 -0.10000116555104292 0.0618229360188328
20.38893208 -0.1000203278495981 0.061410653457741396
20.45176392 -0.10002239589587321 0.060982450572116285
20.514595760000002 -0.099968470839951 0.06055962943209055
20.5774276 -0.09997648008085103 0.06012631657898304
20.64025944 -0.09993742552728357 0.05969266650086504
20.70309128 -0.09994600522861305 0.059244040119671125
20.765923120000004 -0.09995307074421136 0.05876406144523687
20.82875496 -0.09998265835279621 0.058367528265347655
20.891586800000002 -0.09996475666202942 0.0579685952520016
20.95441864 -0.10003242496045262 0.057553551498760666
21.01725048 -0.10010415486460496 0.057112798871085516
21.080082320000002 -0.10009576742316781 0.056727468716098614
21.142914160000004 -0.100071074056547 0.05627293193621896
21.205746 -0.10003410915474768 0.05591015531610379
21.268577840000003 -0.10003132288538064 0.05555779104358005
21.33140968 -0.10000692274288292 0.05513327192850892
21.39424152 -0.10001448792698579 0.05476137098055962
21.457073360000003 -0.10007165703118619 0.05431212570253754
21.519905200000004 -0.10000631444478827 0.05392994650452252
21.58273704 -0.10005842797862208 0.053543950733962474
21.645568880000003 -0.10006268414466371 0.053151540083923934
21.70840072 -0.10006373472831079 0.05278920365415094
21.77123256 -0.10007391773876455 0.052328658228648406
21.834064400000003 -0.10003525786270162 0.051855403761535614
21.89689624 -0.10000350472126378 0.051458992234072555
21.95972808 -0.09998733585053768 0.05110826564040112
22.02255992 -0.09999428325123563 0.05070404546527354
22.08539176 -0.10000466164982177 0.050325214149996536
22.1482236 -0.09999089626208948 0.0499518859818366
22.211055440000003 -0.10005161434248444 0.04952806157377436
22.27388728 -0.10002810744037234 0.049083377061119295
22.33671912 -0.10001563936796767 0.04872158496207009
22.39955096 -0.09999507308377768 0.048307844409948376
22.462382800000004 -0.09996992618797146 0.04791852073253957
22.52521464 -0.09996893881749105 0.047500544822054236
22.588046480000003 -0.10002852922038699 0.0471115043014354
22.65087832 -0.09998078268048242 0.04673645994596596
22.71371016 -0.09999632540828636 0.04638372006550915
22.776542000000003 -0.10007388001609832 0.04597979840134392
22.839373840000004 -0.10006859826830841 0.045629012436852176
22.90220568 -0.10004038756014491 0.045245342379103715
22.965037520000003 -0.1000204643669785 0.04492094555514194
23.02786936 -0.0999907931776588 0.04452144169769223
23.0907012 -0.1000189522440212 0.04410689582498124
23.153533040000003 -0.10001669061028232 0.043769264779893825
23.216364880000004 -0.10002246509518072 0.04337251689825061
23.27919672 -0.09997999853020496 0.04306348392948687
23.34202856 -0.09998537978934004 0.042710544258074454
23.4048604 -0.10002387699307469 0.042335111853049855
23.46769224 -0.10000798375777997 0.04200633138592149
23.530524080000003 -0.10001902751148425 0.04167408939519035
23.59335592 -0.10006254180630052 0.04130636690353917
23.65618776 -0.100053726215209 0.04095454975233466
23.7190196 -0.10004865660731306 0.04053738374610614
23.78185144 -0.10005292847916678 0.04016001481195275
23.84468328 -0.10004063423628626 0.039735241433274025
23.907515120000003 -0.10002359265284884 0.03938592681690593
23.97034696 -0.1000636045139022 0.03908145585423713
24.0331788 -0.10004814891475278 0.03874560893604837
24.09601064 -0.10006019911841228 0.03832326393195382
24.158842480000004 -0.1000261975351463 0.03794653365227019
24.22167432 -0.10000905122404433 0.037633722329175966
24.284506160000003 -0.099995735906145 0.037292157974577834
24.347338 -0.10004221783681641 0.03689566471311423
24.410169840000002 -0.10002630259593207 0.03652228409413727
24.473001680000003 -0.10000024440430481 0.03614572075306377
24.535833520000004 -0.10004329565559107 0.03583869997417786
24.598665360000002 -0.10005124423369416 0.03552654882531279
24.661497200000003 -0.10003033642388534 0.03516768781858186
24.72432904 -0.10004624533571768 0.034745389313258455
24.787160880000002 -0.10000600592982709 0.034425396184313686
24.849992720000003 -0.09993704964032366 0.034059476241582766
24.912824560000004 -0.09994450225765411 0.03365018926639536
24.975656400000002 -0.09994481457013231 0.03330586839513359
25.03848824 -0.09999662660654823 0.03294426384103488
25.10132008 -0.10000201542900408 0.03258960754509843
25.164151920000002 -0.10000251348389948 0.03225117036592011
25.22698376 -0.10003048220779542 0.0319331881147845
25.289815600000004 -0.09999549031623245 0.03153661390048115
25.352647440000002 -0.09996185786976758 0.031164461895928936
25.41547928 -0.09995678627199486 0.030835658333509076
25.47831112 -0.09993707366906539 0.030540867992245903
25.541142960000006 -0.0999275565472745 0.03026263428898815
25.603974800000003 -0.09990082584434533 0.0299104385468404
25.66680664 -0.09994485105279025 0.029572092191182803
25.72963848 -0.09998068115769135 0.029244444985181427
25.792470320000003 -0.09999470059597504 0.0288380684254493
25.855302160000004 -0.09998292517474218 0.02853973009096102
25.918134000000002 -0.09998165566051984 0.028186890892355702
25.98096584 -0.0999718387989745 0.02785138725618842
26.043797680000004 -0.10003876330542594 0.02747521795310745
26.106629520000002 -0.10001160376431402 0.02709706623705465
26.169461360000003 -0.09999788277676908 0.026758639468212893
26.2322932 -0.09996875712636735 0.026437530251041858
26.295125040000006 -0.09997552124431017 0.026089870251121812
26.357956880000003 -0.10001502400221436 0.025777773995389046
26.42078872 -0.10000943563394475 0.02547533170512915
26.483620560000002 -0.09997291291162871 0.025187331701213938
26.5464524 -0.1000046661643994 0.024893869175821377
26.609284240000004 -0.10002218736231609 0.024568823988738508
26.672116080000002 -0.10003806661634658 0.024223444571581536
26.73494792 -0.10003585761356712 0.023877649778309112
26.79777976 -0.10007481703867001 0.023587353410295626
26.860611600000002 -0.10009002401786445 0.023273054448940157
26.923443440000003 -0.10007944450825576 0.02291487031783529
26.98627528 -0.10003241918626282 0.022555297548438557
27.04910712 -0.09998736591265997 0.02216834154708876
27.111938960000003 -0.09991328124201192 0.0217820202721413
27.1747708 -0.09990711176537681 0.021527513878609895
27.237602640000002 -0.09989306965939956 0.0212229449897873
27.30043448 -0.09988601398534594 0.02088007549532756
27.363266320000005 -0.09990466079471974 0.02055254175591271
27.426098160000002 -0.09992530064069588 0.020217933037878173
27.48893 -0.09997889138186741 0.019886676909217353
27.55176184 -0.09998568766716359 0.01955877340126854
27.614593680000006 -0.09999081243146066 0.019238748902849163
27.677425520000003 -0.09999363773701223 0.018922995056674847
27.74025736 -0.0999803718614428 0.018549334843358294
27.8030892 -0.09999060808730989 0.018282928910223643
27.865921040000003 -0.09999985525765621 0.017950295997446148
27.928752880000005 -0.10000593720529756 0.017595392868960467
27.991584720000002 -0.09999757217978503 0.01724125388848574
28.05441656 -0.1000041909804908 0.01691833757976533
28.117248400000005 -0.10000423669085794 0.01655558904341518
28.180080240000002 -0.09999842502607338 0.016246327855680483
28.242912080000004 -0.10000954659207964 0.015933967303519224
28.30574392 -0.0999677025829924 0.015616039569390977
28.36857576 -0.09996968217391647 0.015338409285852728
28.431407600000004 -0.10001391549056612 0.015015652057341627
28.49423944 -0.10000038299668057 0.014655660750324744
28.557071280000002 -0.09999411847252863 0.01433658541099977
28.61990312 -0.09999036732671811 0.013987527548749084
28.682734960000005 -0.10000335997958798 0.01364482145887137
28.745566800000002 -0.10001507852359551 0.013298080240869726
28.80839864 -0.10003630945714084 0.013035249066616938
28.87123048 -0.10001083230524058 0.012651521833125423
28.934062320000002 -0.1000011997697334 0.012365244811692317
28.996894160000004 -0.10001486294658588 0.012078177771088416
29.059726 -0.10005809721283865 0.011750141997114072
29.12255784 -0.1000566539719149 0.011458479513205628
29.185389680000004 -0.1000530057617458 0.011163906988154226
29.24822152 -0.10004089368204154 0.010848006063196497
29.311053360000002 -0.10001944667548546 0.010533280005959739
29.3738852 -0.10004300748084057 0.010225472118734352
29.436717040000005 -0.10003965109342221 0.009871827645938525
29.499548880000003 -0.10007151717454965 0.009580625926807574
29.562380720000004 -0.10005848151743393 0.009236169921103581
29.62521256 -0.10001370770627278 0.008958678736636038
29.688044400000006 -0.10003171387510293 0.008610614440007847
29.750876240000004 -0.10003195566225982 0.008272727064512254
29.81370808 -0.10005558726536386 0.007945411713582411
29.876539920000003 -0.10000452599477454 0.007690628063414706
29.93937176 -0.09992694871181519 0.007392460012306756
30.002203600000005 -0.09993736041571102 0.007073896515947797
30.065035440000003 -0.10000552883007588 0.006771438569303007
30.12786728 -0.10002210620454959 0.006436016886424345
30.19069912 -0.10002066558842211 0.006106193852429637
30.253530960000003 -0.09998615763028884 0.005780020352108617
30.316362800000004 -0.09996775205731605 0.005491134760265493
30.37919464 -0.0999614475046769 0.005079843897664971
30.44202648 -0.099984838325638 0.004741206704291845
30.504858320000004 -0.0999275117431369 0.004515754331638866
30.56769016 -0.09994319144511683 0.004207781612941675
30.630522000000003 -0.09998018158209078 0.003881603097702724
30.69335384 -0.09999010860006474 0.0035549934923398306
30.756185680000005 -0.10003629904696201 0.003218179582818681
30.819017520000003 -0.09999437482275245 0.0028945895121717637
30.88184936 -0.09999769422742552 0.0025874553530732536
30.9446812 -0.09995107273806414 0.0023377724076266925
31.007513040000006 -0.0999482978136362 0.00197860948860491
31.070344880000004 -0.0999600720884004 0.0016953586063876646
31.13317672 -0.10001379215434239 0.0013688186843353821
31.19600856 -0.10002206155795328 0.00107447014599088
31.258840400000004 -0.10002232796456707 0.0007597422922721586
31.321672240000005 -0.10002939978630317 0.00043258300344807267
31.384504080000003 -0.09999904690846134 0.00014195436539200524
-31.384504080000003 -0.09999904690846145 -0.00014195436539189422
-31.321672240000005 -0.10002939978630317 -0.00043258300344796164
-31.258840400000004 -0.10002232796456711 -0.0007597422922721476
-31.19600856 -0.10002206155795328 -0.001074470145990869
-31.13317672 -0.1000137921543424 -0.00136881868433546
-31.070344880000004 -0.09996007208840042 -0.001695358606387698
-31.007513040000006 -0.09994829781363632 -0.001978609488604799
-30.9446812 -0.09995107273806415 -0.002337772407626659
-30.88184936 -0.09999769422742545 -0.002587455353073265
-30.819017520000003 -0.09999437482275236 -0.0028945895121717745
-30.756185680000005 -0.10003629904696212 -0.003218179582818803
-30.69335384 -0.09999010860006452 -0.0035549934923398306
-30.630522000000003 -0.09998018158209075 -0.003881603097702613
-30.56769016 -0.09994319144511668 -0.0042077816129416305
-30.504858320000004 -0.09992751174313666 -0.004515754331638899
-30.44202648 -0.09998483832563784 -0.004741206704291822
-30.37919464 -0.09996144750467686 -0.0050798438976650375
-30.316362800000004 -0.09996775205731577 -0.005491134760265593
-30.253530960000003 -0.09998615763028874 -0.005780020352108428
-30.19069912 -0.10002066558842204 -0.006106193852429487
-30.12786728 -0.10002210620454963 -0.006436016886424467
-30.065035440000003 -0.1000055288300759 -0.006771438569302957
-30.002203600000005 -0.0999373604157111 -0.007073896515948019
-29.93937176 -0.09992694871181523 -0.0073924600123066895
-29.876539920000003 -0.10000452599477438 -0.007690628063414839
-29.81370808 -0.10005558726536398 -0.007945411713582474
-29.750876240000004 -0.10003195566225975 -0.008272727064512287
-29.688044400000006 -0.10003171387510298 -0.008610614440007902
-29.62521256 -0.1000137077062729 -0.008958678736636128
-29.562380720000004 -0.1000584815174339 -0.009236169921103677
-29.499548880000003 -0.10007151717454979 -0.00958062592680744
-29.436717040000005 -0.10003965109342221 -0.009871827645938502
-29.3738852 -0.10004300748084054 -0.010225472118734235
-29.311053360000002 -0.1000194466754856 -0.010533280005959844
-29.24822152 -0.10004089368204161 -0.010848006063196369
-29.185389680000004 -0.10005300576174589 -0.011163906988154226
-29.12255784 -0.10005665397191492 -0.011458479513205366
-29.059726 -0.1000580972128386 -0.011750141997114138
-28.996894160000004 -0.10001486294658579 -0.012078177771088305
-28.934062320000002 -0.10000119976973339 -0.012365244811692377
-28.87123048 -0.10001083230524058 -0.012651521833125323
-28.80839864 -0.10003630945714086 -0.013035249066617016
-28.745566800000002 -0.10001507852359559 -0.013298080240869526
-28.682734960000005 -0.10000335997958802 -0.013644821458871359
-28.61990312 -0.0999903673267181 -0.013987527548748912
-28.557071280000002 -0.09999411847252863 -0.01433658541099988
-28.49423944 -0.10000038299668054 -0.01465566075032455
-28.431407600000004 -0.10001391549056612 -0.01501565205734171
-28.36857576 -0.09996968217391645 -0.015338409285852627
-28.30574392 -0.09996770258299235 -0.01561603956939096
-28.242912080000004 -0.10000954659207983 -0.015933967303519224
-28.180080240000002 -0.09999842502607326 -0.016246327855680608
-28.117248400000005 -0.10000423669085785 -0.016555589043415152
-28.05441656 -0.10000419098049065 -0.01691833757976543
-27.991584720000002 -0.09999757217978496 -0.01724125388848573
-27.928752880000005 -0.10000593720529767 -0.017595392868960513
-27.865921040000003 -0.09999985525765617 -0.01795029599744603
-27.8030892 -0.09999060808730988 -0.018282928910223494
-27.74025736 -0.09998037186144282 -0.01854933484335817
-27.677425520000003 -0.09999363773701225 -0.01892299505667495
-27.614593680000006 -0.09999081243146059 -0.019238748902849212
-27.55176184 -0.09998568766716358 -0.019558773401268537
-27.48893 -0.09997889138186733 -0.01988667690921756
-27.426098160000002 -0.09992530064069602 -0.020217933037878145
-27.363266320000005 -0.09990466079471971 -0.0205525417559128
-27.30043448 -0.09988601398534588 -0.020880075495327454
-27.237602640000002 -0.09989306965939965 -0.021222944989787395
-27.1747708 -0.09990711176537674 -0.021527513878609784
-27.111938960000003 -0.09991328124201188 -0.021782020272141357
-27.04910712 -0.09998736591265997 -0.022168341547088643
-26.98627528 -0.10003241918626296 -0.02255529754843859
-26.923443440000003 -0.10007944450825576 -0.022914870317835435
-26.860611600000002 -0.10009002401786445 -0.023273054448940032
-26.79777976 -0.1000748170386699 -0.023587353410295542
-26.73494792 -0.10003585761356715 -0.023877649778308974
-26.672116080000002 -0.10003806661634662 -0.024223444571581498
-26.609284240000004 -0.10002218736231624 -0.024568823988738386
-26.5464524 -0.10000466616439938 -0.02489386917582137
-26.483620560000002 -0.09997291291162884 -0.025187331701214077
-26.42078872 -0.10000943563394474 -0.025475331705129077
-26.357956880000003 -0.10001502400221433 -0.025777773995389143
-26.295125040000006 -0.09997552124431017 -0.026089870251121684
-26.2322932 -0.09996875712636741 -0.026437530251041695
-26.169461360000003 -0.099997882776769 -0.02675863946821282
-26.106629520000002 -0.10001160376431399 -0.02709706623705479
-26.043797680000004 -0.1000387633054259 -0.027475217953107634
-25.98096584 -0.09997183879897449 -0.02785138725618854
-25.918134000000002 -0.09998165566051996 -0.028186890892355865
-25.855302160000004 -0.09998292517474203 -0.0285397300909608
-25.792470320000003 -0.09999470059597507 -0.028838068425449136
-25.72963848 -0.09998068115769135 -0.029244444985181507
-25.66680664 -0.09994485105279005 -0.02957209219118311
-25.603974800000003 -0.09990082584434533 -0.029910438546840633
-25.541142960000006 -0.09992755654727456 -0.030262634288988278
-25.47831112 -0.09993707366906536 -0.030540867992245556
-25.41547928 -0.0999567862719948 -0.030835658333508764
-25.352647440000002 -0.09996185786976775 -0.03116446189592903
-25.289815600000004 -0.09999549031623244 -0.031536613900481035
-25.22698376 -0.10003048220779527 -0.03193318811478463
-25.164151920000002 -0.10000251348389948 -0.032251170365920026
-25.10132008 -0.10000201542900433 -0.03258960754509883
-25.03848824 -0.09999662660654823 -0.03294426384103512
-24.975656400000002 -0.09994481457013242 -0.033305868395133345
-24.912824560000004 -0.09994450225765407 -0.033650189266395084
-24.849992720000003 -0.09993704964032371 -0.03405947624158325
-24.787160880000002 -0.10000600592982703 -0.03442539618431363
-24.72432904 -0.10004624533571779 -0.034745389313258504
-24.661497200000003 -0.10003033642388522 -0.03516768781858198
-24.598665360000002 -0.100051244233694 -0.035526548825312795
-24.535833520000004 -0.1000432956555913 -0.035838699974178045
-24.473001680000003 -0.10000024440430497 -0.036145720753063576
-24.410169840000002 -0.10002630259593195 -0.036522284094137394
-24.347338 -0.10004221783681655 -0.03689566471311449
-24.284506160000003 -0.09999573590614513 -0.03729215797457782
-24.22167432 -0.10000905122404433 -0.03763372232917594
-24.158842480000004 -0.10002619753514626 -0.03794653365227027
-24.09601064 -0.10006019911841228 -0.03832326393195374
-24.0331788 -0.10004814891475278 -0.03874560893604831
-23.97034696 -0.10006360451390213 -0.03908145585423734
-23.907515120000003 -0.10002359265284891 -0.03938592681690593
-23.84468328 -0.10004063423628637 -0.03973524143327394
-23.78185144 -0.10005292847916683 -0.0401600148119527
-23.7190196 -0.10004865660731306 -0.040537383746106145
-23.65618776 -0.10005372621520914 -0.040954549752334576
-23.59335592 -0.10006254180630061 -0.04130636690353914
-23.530524080000003 -0.10001902751148453 -0.04167408939519038
-23.46769224 -0.10000798375777994 -0.042006331385921664
-23.4048604 -0.10002387699307465 -0.04233511185304985
-23.34202856 -0.09998537978934013 -0.04271054425807451
-23.27919672 -0.09997999853020481 -0.043063483929486814
-23.216364880000004 -0.1000224650951806 -0.04337251689825079
-23.153533040000003 -0.10001669061028236 -0.04376926477989386
-23.0907012 -0.10001895224402117 -0.04410689582498162
-23.02786936 -0.09999079317765892 -0.04452144169769219
-22.965037520000003 -0.10002046436697846 -0.04492094555514199
-22.90220568 -0.10004038756014491 -0.04524534237910386
-22.839373840000004 -0.10006859826830836 -0.045629012436852176
-22.776542000000003 -0.10007388001609836 -0.045979798401343946
-22.71371016 -0.0999963254082863 -0.046383720065509323
-22.65087832 -0.0999807826804824 -0.046736459945965855
-22.588046480000003 -0.10002852922038694 -0.04711150430143553
-22.52521464 -0.09996893881749104 -0.04750054482205421
-22.462382800000004 -0.0999699261879716 -0.047918520732539674
-22.39955096 -0.09999507308377767 -0.0483078444099483
-22.33671912 -0.10001563936796767 -0.048721584962070054
-22.27388728 -0.10002810744037224 -0.049083377061119315
-22.211055440000003 -0.10005161434248436 -0.04952806157377425
-22.1482236 -0.09999089626208947 -0.04995188598183646
-22.08539176 -0.10000466164982183 -0.05032521414999662
-22.02255992 -0.09999428325123563 -0.05070404546527348
-21.95972808 -0.09998733585053762 -0.05110826564040123
-21.89689624 -0.10000350472126393 -0.05145899223407278
-21.834064400000003 -0.10003525786270166 -0.051855403761535565
-21.77123256 -0.10007391773876459 -0.052328658228648385
-21.70840072 -0.10006373472831061 -0.05278920365415093
-21.645568880000003 -0.10006268414466366 -0.05315154008392391
-21.58273704 -0.10005842797862212 -0.0535439507339624
-21.519905200000004 -0.10000631444478839 -0.053929946504522354
-21.457073360000003 -0.10007165703118595 -0.054312125702537795
-21.39424152 -0.10001448792698575 -0.05476137098055976
-21.33140968 -0.1000069227428827 -0.05513327192850885
-21.268577840000003 -0.10003132288538072 -0.05555779104357981
-21.205746 -0.10003410915474746 -0.055910155316103896
-21.142914160000004 -0.100071074056547 -0.05627293193621898
-21.080082320000002 -0.1000957674231678 -0.05672746871609876
-21.01725048 -0.10010415486460514 -0.057112798871085356
-20.95441864 -0.10003242496045248 -0.057553551498760847
-20.891586800000002 -0.09996475666202945 -0.05796859525200184
-20.82875496 -0.09998265835279609 -0.05836752826534748
-20.765923120000004 -0.09995307074421142 -0.058764061445236805
-20.70309128 -0.09994600522861294 -0.059244040119671194
-20.64025944 -0.09993742552728344 -0.0596926665008649
-20.5774276 -0.09997648008085111 -0.060126316578982944
-20.514595760000002 -0.09996847083995106 -0.06055962943209048
-20.45176392 -0.10002239589587321 -0.06098245057211653
-20.38893208 -0.10002032784959806 -0.06141065345774147
-20.32610024 -0.10000116555104285 -0.06182293601883289
-20.2632684 -0.10000755600268948 -0.062269714332600076
-20.20043656 -0.10001106730618525 -0.06273536408229656
-20.137604720000002 -0.100006038478998 -0.06322716865651637
-20.07477288 -0.10002981007108525 -0.06368895206011796
-20.01194104 -0.09997823920928502 -0.06411229229578805
-19.949109200000002 -0.09998296985299941 -0.06449085618952102
-19.88627736 -0.09996924435717267 -0.06493826015577459
-19.823445520000003 -0.09997906124721424 -0.06541703837758282
-19.760613680000002 -0.10000807481456161 -0.06588609203423901
-19.69778184 -0.09995437074172016 -0.06632436768705817
-19.63495 -0.09997439674224293 -0.06671898919320698
-19.572118160000002 -0.09994586969929105 -0.06716361038694066
-19.50928632 -0.09993529901031416 -0.06762008337868385
-19.446454480000003 -0.09995470335967896 -0.06811639408531892
-19.383622640000002 -0.09997623976847234 -0.06856841411510681
-19.3207908 -0.09995315471576911 -0.06905541391242793
-19.25795896 -0.09997981152298115 -0.069481534522484
-19.195127120000002 -0.09999037847204197 -0.06996439264969488
-19.13229528 -0.10001544477213913 -0.07043692137442811
-19.069463440000003 -0.10002017789954802 -0.07092932862778177
-19.006631600000002 -0.10003510241889906 -0.07140794570686562
-18.94379976 -0.10002308781891626 -0.07187120832680448
-18.88096792 -0.0999796773894342 -0.07237103022287052
-18.818136080000002 -0.0999511478223579 -0.07288704156184139
-18.75530424 -0.0999736671433588 -0.07345058024502558
-18.6924724 -0.10000616697443436 -0.0738963787688742
-18.62964056 -0.09996827644915542 -0.07437752523971335
-18.56680872 -0.09996513959116157 -0.07478597206880964
-18.50397688 -0.09995119080355765 -0.07524569879238523
-18.441145040000002 -0.09994642528165122 -0.07575270020163816
-18.3783132 -0.09996898475771367 -0.07621844029530155
-18.31548136 -0.09995668109629376 -0.07668431719636046
-18.252649520000002 -0.09997178494190283 -0.07720697013233922
-18.18981768 -0.09999985782649147 -0.07768181808135292
-18.126985840000003 -0.09997571944278935 -0.07818619204351937
-18.064154000000002 -0.10001570420824561 -0.0786470290454211
-18.00132216 -0.09998205947386088 -0.07917587362340187
-17.93849032 -0.09998097339098166 -0.07963027592316202
-17.875658480000002 -0.09999523466424659 -0.08013062844192266
-17.81282664 -0.09997945855292002 -0.08066323618218377
-17.749994800000003 -0.09995959010812804 -0.08120027349001088
-17.687162960000002 -0.0999831843217328 -0.08173756541564206
-17.62433112 -0.09997832991841363 -0.08228008838395572
-17.56149928 -0.10000764087159927 -0.08280064347624755
-17.498667440000002 -0.10001327940151188 -0.08333021023268875
-17.4358356 -0.09995946217496973 -0.08385238738897163
-17.373003760000003 -0.09991586404284056 -0.08438806739341613
-17.310171920000002 -0.09988963450699644 -0.0849437074230943
-17.24734008 -0.09984888024377865 -0.08546746561820524
-17.18450824 -0.09991590259943543 -0.08601192825585811
-17.121676400000002 -0.09992263840033107 -0.08657386261128444
-17.05884456 -0.09996949024249682 -0.08715674756012456
-16.996012720000003 -0.09991691992780496 -0.0877351394265721
-16.93318088 -0.09991938988593467 -0.08828082176096994
-16.87034904 -0.09994323278751259 -0.08884856579331282
-16.807517200000003 -0.0999319023849751 -0.08941059666343773
-16.744685360000002 -0.09993459675453763 -0.08993328773251742
-16.68185352 -0.09994641869571529 -0.09048953429554306
-16.61902168 -0.09998835905037462 -0.09100258501003941
-16.556189840000002 -0.09999473450234475 -0.09159061275733014
-16.493358 -0.10001405737264343 -0.09217032904623873
-16.430526160000003 -0.10002548476089976 -0.09279634926261257
-16.367694320000002 -0.10001664066813847 -0.0933754914346573
-16.30486248 -0.10004206558142478 -0.09396337277754688
-16.24203064 -0.09997236178011176 -0.09458917044477415
-16.1791988 -0.09998462013979341 -0.09521699533798003
-16.11636696 -0.09993421292182533 -0.09586331536277064
-16.053535120000003 -0.09996313983245103 -0.09648073705593466
-15.99070328 -0.09997539547311056 -0.09709138904482523
-15.927871440000002 -0.0999846381540425 -0.09761648601056537
-15.865039600000001 -0.09998483313939857 -0.09822141049203006
-15.802207760000002 -0.10000145221543529 -0.09879015984583397
-15.73937592 -0.1000060288821503 -0.09940959140752394
-15.676544080000001 -0.10002602500617677 -0.10005145955199883
-15.61371224 -0.0999996135506713 -0.10065156191467402
-15.5508804 -0.10000634453871082 -0.10128743615029485
-15.48804856 -0.09999143379525868 -0.10190608807044085
-15.425216720000002 -0.09999421658179145 -0.1026062354671815
-15.36238488 -0.09999062581468575 -0.10325318090143351
-15.299553040000001 -0.1000006068604357 -0.10385307200608378
-15.236721200000002 -0.09997545504436772 -0.10450927387219662
-15.17388936 -0.0999831840019699 -0.10515713636463828
-15.111057520000003 -0.10006718163077546 -0.10583521093195931
-15.048225680000002 -0.10006145627711431 -0.10650179951994962
-14.985393840000002 -0.10005202477079463 -0.10715172180030667
-14.922562000000001 -0.1000241042945241 -0.10777755583480739
-14.859730160000002 -0.10001994291420517 -0.10847187672811498
-14.79689832 -0.10001547064835585 -0.10917610383840186
-14.734066480000003 -0.09997470149368737 -0.10993800331058749
-14.67123464 -0.09997105841217196 -0.11062393891588744
-14.608402800000002 -0.09994092746503729 -0.11132292088113709
-14.545570960000001 -0.0999496683823342 -0.11202563020586043
-14.482739120000002 -0.09996019048257157 -0.11275152511674384
-14.41990728 -0.0999567264809026 -0.11344640673768047
-14.357075440000001 -0.09995685044855625 -0.11419365088820232
-14.2942436 -0.0999540779971585 -0.11487319466616519
-14.231411760000002 -0.09997805243407726 -0.11566647417370497
-14.16857992 -0.0999498569542139 -0.11638856408558922
-14.105748080000001 -0.09995759745027566 -0.11710992354673591
-14.04291624 -0.09997251692303107 -0.11783681308165314
-13.9800844 -0.10000762779148278 -0.11860051414792898
-13.91725256 -0.09997329196140663 -0.11936881510104165
-13.854420720000002 -0.1000033736026826 -0.1201663177928231
-13.791588879999999 -0.10002190166148284 -0.12093266269409172
-13.728757040000001 -0.10002381127919827 -0.1217362108596118
-13.665925200000002 -0.10000915849038705 -0.12249525523527235
-13.60309336 -0.09993473005347041 -0.12322455195458201
-13.540261520000001 -0.09992460278333334 -0.12398651183333875
-13.47742968 -0.09995664527171001 -0.12479718320471471
-13.414597840000003 -0.0999376043575897 -0.1256273046499919
-13.351766000000001 -0.09995366580871007 -0.12645470780241996
-13.288934160000002 -0.09999325837079646 -0.12726193231187777
-13.22610232 -0.09998371071501486 -0.12812674548893047
-13.163270480000001 -0.099972986392363 -0.12891643343818843
-13.10043864 -0.0999515801490205 -0.12973403208902493
-13.037606800000002 -0.09997619856500856 -0.1305844025282929
-12.97477496 -0.09999744786227331 -0.13148179594900294
-12.911943120000002 -0.09996811830665472 -0.13231884401072444
-12.84911128 -0.09996975426777656 -0.13320817447199512
-12.786279440000001 -0.09998961778720432 -0.13408311337970105
-12.7234476 -0.10001439836547718 -0.134978005926553
-12.66061576 -0.10000675080609116 -0.13583048832629868
-12.59778392 -0.10002868746840618 -0.13673523544598018
-12.534952080000002 -0.09999120623990325 -0.13761860442227716
-12.47212024 -0.10000130763611537 -0.13852341526723974
-12.409288400000001 -0.09999830061181028 -0.1394363322275644
-12.346456560000002 -0.10000654018161406 -0.14031712779636732
-12.28362472 -0.0999570951217699 -0.14130808375629475
-12.220792880000001 -0.09993932093192869 -0.14218483912632568
-12.157961040000002 -0.09994434921034273 -0.1431771589233178
-12.0951292 -0.10000265118819922 -0.14415452370483015
-12.032297360000001 -0.10005186591727547 -0.14506016080427792
-11.96946552 -0.1000033358592208 -0.14605477163168418
-11.90663368 -0.09999142906952455 -0.14700895426683674
-11.843801840000001 -0.09992289440347119 -0.14803754963780946
-11.78097 -0.09990045449502022 -0.14907813453897426
-11.71813816 -0.09991733081162878 -0.15008561751453603
-11.655306320000001 -0.09991193236351067 -0.15114473292824634
-11.59247448 -0.09989850593888795 -0.15215216727110994
-11.52964264 -0.09990771097012885 -0.1532105657416319
-11.466810800000001 -0.0998949183185888 -0.1542346066118758
-11.40397896 -0.09994014920837122 -0.15530017988047926
-11.34114712 -0.09991172312291938 -0.15638865330708523
-11.27831528 -0.09993623915974584 -0.15748485835851583
-11.215483440000002 -0.09998203707873221 -0.1586059496716578
-11.152651600000002 -0.09998112163003653 -0.15967620700183568
-11.089819760000001 -0.09999837495913486 -0.1608092671082061
-11.026987920000002 -0.09999619927965694 -0.1619133517409806
-10.96415608 -0.10000752173752303 -0.16300689152182396
-10.901324240000001 -0.09996263516424245 -0.1641523061880965
-10.838492400000002 -0.09993610506755567 -0.16529397621009084
-10.77566056 -0.09990604500937691 -0.16647221730192427
-10.712828720000001 -0.09989144799956749 -0.16770014756414467
-10.649996880000002 -0.09990704819076256 -0.1688791318918323
-10.58716504 -0.09989451845845469 -0.17006133740876445
-10.524333200000001 -0.09985019034926923 -0.17129783831491224
-10.461501360000002 -0.099874614139835 -0.1725330696245672
-10.39866952 -0.09990124014209226 -0.17381780995191637
-10.335837680000001 -0.09994051173387442 -0.17509106501343505
-10.27300584 -0.0999759941642219 -0.17637547324617997
-10.210174 -0.09994703646887795 -0.177704084535662
-10.14734216 -0.09993154198874336 -0.17898394115170044
-10.08451032 -0.09995191867605017 -0.18035204932983512
-10.02167848 -0.09996916621279181 -0.18167862654553554
-9.95884664 -0.09999012859256143 -0.1830602534157914
-9.8960148 -0.09999087840093293 -0.1843958683423939
-9.83318296 -0.09992186135383109 -0.18575542652817295
-9.77035112 -0.09994309499054735 -0.18714196577862938
-9.70751928 -0.0999625215010935 -0.18857882908523457
-9.644687440000002 -0.0999542750889549 -0.1900146556237813
-9.5818556 -0.09993546013612975 -0.1914539914200352
-9.519023760000001 -0.10000431201636029 -0.19293139267777176
-9.456191920000002 -0.09995630667215151 -0.19440005554947454
-9.39336008 -0.09997731149028637 -0.19587027543124508
-9.330528240000001 -0.10004446354626198 -0.19742216698025192
-9.2676964 -0.10006327025583277 -0.19896101888229686
-9.20486456 -0.10004407632458419 -0.20052976995762412
-9.142032720000001 -0.10006177807363932 -0.2020416429041596
-9.07920088 -0.10002139396171635 -0.2036589837384671
-9.01636904 -0.0999813571889412 -0.20526460805170643
-8.953537200000001 -0.10000130588056191 -0.20687003164490853
-8.89070536 -0.09997223619322163 -0.20855797363588247
-8.82787352 -0.0999921198052334 -0.2102805104408581
-8.765041680000001 -0.09999625158965819 -0.21199300514554792
-8.70220984 -0.10000846015989054 -0.2137264313028667
-8.639378 -0.10001857175156278 -0.21544990455318364
-8.576546160000001 -0.10001602434275152 -0.21722382046923103
-8.51371432 -0.10001764781091074 -0.21899939312114308
-8.45088248 -0.0999804009318683 -0.2207835049446881
-8.38805064 -0.10003755943611636 -0.2225679826063282
-8.3252188 -0.10005470322910173 -0.2243996537858723
-8.26238696 -0.10003517003288935 -0.22633962605828933
-8.19955512 -0.09997505120262068 -0.22834251935088198
-8.13672328 -0.09994466518100845 -0.23026707953579115
-8.07389144 -0.09997841766451722 -0.2322459715994988
-8.011059600000001 -0.09995326781544114 -0.234259605441894
-7.948227760000001 -0.09999001765058824 -0.23629611121400557
-7.8853959200000014 -0.1000129428245458 -0.2383707557070552
-7.822564080000001 -0.10004150853223685 -0.24046364336816106
-7.759732240000001 -0.10000825764783508 -0.24259823299544858
-7.6969004000000005 -0.1000044907706977 -0.24473174820078064
-7.634068560000001 -0.09997092649549519 -0.24698825245336437
-7.571236720000001 -0.09993609688449394 -0.24918500217607326
-7.5084048800000005 -0.09995790699317515 -0.2514389468004953
-7.445573040000001 -0.09996647621766931 -0.25373671769693146
-7.382741200000001 -0.09998064549656396 -0.2560756105822612
-7.3199093600000005 -0.09998381617308545 -0.2584519116483353
-7.25707752 -0.10003068102648442 -0.26088928343738893
-7.194245680000001 -0.10003587773096594 -0.263329387785109
-7.1314138400000004 -0.10004106315999632 -0.26575087714353673
-7.068582 -0.10002987738682875 -0.26833494310491945
-7.005750160000001 -0.10001100660317952 -0.2709056669125984
-6.94291832 -0.10001454804941867 -0.2735110205533965
-6.88008648 -0.10003020221299848 -0.27615762338269934
-6.81725464 -0.100010629693934 -0.27887440223111853
-6.7544228 -0.10001645162396774 -0.28162787724158284
-6.69159096 -0.10006400393293044 -0.284425353479695
-6.62875912 -0.10006185357508106 -0.28722046948223595
-6.5659272799999995 -0.1000546266712989 -0.29012937999899796
-6.50309544 -0.10008148902571024 -0.29311091740194833
-6.4402636 -0.10008271874864864 -0.2961382714923026
-6.377431760000001 -0.10007718459421197 -0.2992285498757226
-6.314599920000001 -0.10000595826689443 -0.3023582514648212
-6.251768080000001 -0.10001159475422854 -0.3055615155697347
-6.18893624 -0.10002968689261049 -0.308803221888566
-6.1261044 -0.09998931495350882 -0.31217394860602987
-6.06327256 -0.10001063900280852 -0.3155027669834287
-6.000440720000001 -0.09999243477315133 -0.3189213224867512
-5.937608880000001 -0.10000951437413379 -0.3224449593918465
-5.874777040000001 -0.10000116804811159 -0.32599797527865354
-5.8119452 -0.09997015978295862 -0.32960701619499566
-5.749113360000001 -0.09998722269657545 -0.3333447104679927
-5.6862815200000005 -0.10000633034649131 -0.3371497623609468
-5.62344968 -0.0999682321304205 -0.3409107989865307
-5.56061784 -0.09997035127725512 -0.34490094942891825
-5.4977860000000005 -0.10002220933875292 -0.34890080680790786
-5.43495416 -0.10004123574778583 -0.35300567392894483
-5.37212232 -0.10006364224640332 -0.3572584646124106
-5.3092904800000005 -0.10004149910599525 -0.361583925992382
-5.24645864 -0.09998720620985153 -0.36606146278962826
-5.183626800000001 -0.10000340300609907 -0.3704727076095102
-5.1207949600000005 -0.0999830687253277 -0.3750162031743958
-5.05796312 -0.10001230674764532 -0.3797261699723042
-4.995131280000001 -0.10002349456514625 -0.3844891066312155
-4.93229944 -0.1000432886649892 -0.3894652864041919
-4.8694676 -0.10000549208701884 -0.39449270394617997
-4.806635760000001 -0.10006648285045724 -0.39970960304985703
-4.74380392 -0.09999529650953455 -0.4049777364239483
-4.68097208 -0.09996974576162877 -0.41037740089881325
-4.61814024 -0.09999932597432876 -0.41594448227784014
-4.5553084 -0.10003604154963239 -0.42163723135688896
-4.49247656 -0.10004002763028896 -0.42751822776493953
-4.42964472 -0.10005236908702983 -0.4335363473968122
-4.36681288 -0.1000442040518236 -0.4396400803418601
-4.303981040000001 -0.10003614130902787 -0.4459386051106252
-4.241149200000001 -0.09997039306570561 -0.4524634365881415
-4.17831736 -0.09997975531225348 -0.4591911925501474
-4.11548552 -0.09999811159269059 -0.46603294185586064
-4.052653680000001 -0.10003627964127078 -0.47302596210099346
-3.9898218400000003 -0.09999715879990419 -0.48029304200799566
-3.92699 -0.10001188968390662 -0.4878010491812638
-3.86415816 -0.100026998382334 -0.49544372272702136
-3.8013263200000003 -0.09999727363361346 -0.5033668632865866
-3.73849448 -0.09995635868893918 -0.5115230646815034
-3.67566264 -0.09996336126148703 -0.5198974882451046
-3.6128308000000007 -0.09994508103313002 -0.5285710835555921
-3.5499989600000004 -0.09996956845493639 -0.5375062672099687
-3.4871671200000005 -0.09993370763162703 -0.5467420444181265
-3.4243352800000006 -0.0999818945547613 -0.5562545262093824
-3.3615034400000003 -0.09998748320629011 -0.56622143892011
-3.2986716000000005 -0.10000215676860111 -0.5763954550652357
-3.23583976 -0.09993862034561339 -0.5869239458359894
-3.1730079200000003 -0.09995209710032543 -0.5978729598744119
-3.11017608 -0.0999703300015822 -0.6091442150131898
-3.04734424 -0.09998107821381788 -0.6208386759210611
-2.9845124000000003 -0.0999565566573385 -0.6329522516519386
-2.9216805600000004 -0.09996755647775873 -0.6455355034934753
-2.85884872 -0.09996873715298338 -0.6586256550513927
-2.7960168800000003 -0.09993310457186491 -0.6721728799139174
-2.73318504 -0.09996662073188486 -0.6862557950309649
-2.6703532 -0.0999528343972912 -0.7008953926384937
-2.6075213600000002 -0.09994186584883132 -0.7161845248354478
-2.5446895200000004 -0.09994044029711681 -0.7321683714523533
-2.48185768 -0.09991611250389934 -0.7487200186983294
-2.41902584 -0.09996722563832008 -0.7660014277533116
-2.3561940000000003 -0.09995563689557681 -0.7840925839013287
-2.29336216 -0.09997424503829189 -0.8030165249407769
-2.23053032 -0.09992678742555568 -0.8227553747612528
-2.1676984800000003 -0.09994440628051224 -0.8434686590372606
-2.1048666400000005 -0.09993959368661401 -0.8651671799237197
-2.0420348 -0.09989655962327468 -0.8879669705865837
-1.97920296 -0.09996198148821281 -0.9119040753909264
-1.91637112 -0.10001065766915455 -0.9370608134664437
-1.85353928 -0.09999846093485647 -0.9634793009926558
-1.7907074400000003 -0.09994621286263372 -0.9914178941122544
-1.7278756000000002 -0.10000644561682862 -1.0208575121477292
-1.66504376 -0.09999752316909422 -1.0519368569524867
-1.60221192 -0.10000278964372315 -1.0848629660441191
-1.5393800800000002 -0.09998543626558774 -1.1197725984275473
-1.47654824 -0.09998209180129078 -1.156763112462377
-1.4137164000000002 -0.09994384135945096 -1.1960948872126325
-1.3508845600000001 -0.0999438350801363 -1.2379907786479925
-1.2880527200000003 -0.09995776914817626 -1.282717191283227
-1.2252208800000002 -0.09996247016341164 -1.3305457156461395
-1.16238904 -0.09998163887779458 -1.381757950198531
-1.0995572000000002 -0.10001180425370093 -1.436724735345246
-1.0367253600000002 -0.09998205455398117 -1.495924164453405
-0.9738935200000001 -0.09995753077842315 -1.5597928127694654
-0.91106168 -0.09998781081382056 -1.6289004942800982
-0.8482298400000001 -0.10000191944522693 -1.7038202925762498
-0.785398 -0.10003958974227492 -1.7853057083470467
-0.7225661600000001 -0.10005238630112448 -1.874385442507267
-0.65973432 -0.10000910941561417 -1.9720182232553545
-0.59690248 -0.09999198474027342 -2.079308105687277
-0.53407064 -0.10001028106911554 -2.1977552591050933
-0.4712388 -0.10002342439384457 -2.329093286837984
-0.40840696000000004 -0.1000187578789559 -2.4752468369274334
-0.34557512 -0.09996708318267318 -2.6385864983385643
-0.28274328 -0.0999505249294059 -2.821926363097152
-0.21991144000000004 -0.0999422547999243 -3.0284850503866254
-0.1570796 -0.09993634917239091 -3.2622377952038035
-0.09424776 -0.0999271030342895 -3.527739904645461
-0.03141592 -0.09991701367809949 -3.8303613048156087
